{
  "data":   {
   "ra": 112.357708,
   "dec": -12.69596,
   "st_pmra": -5.964,
   "st_pmraerr1": 0.085,
   "st_pmraerr2": -0.085,
   "st_pmralim": 0,
   "st_pmdec": -0.076,
   "st_pmdecerr1": 0.072,
   "st_pmdecerr2": -0.072,
   "st_pmdeclim": 0,
   "pl_tranmid": 2459229.63,
   "pl_tranmiderr1": 0.001657,
   "pl_tranmiderr2": -0.001657,
   "pl_tranmidlim": 0,
   "pl_orbper": 2.1713484,
   "pl_orbpererr1": 0.0002637,
   "pl_orbpererr2": -0.0002637,
   "pl_orbperlim": 0,
   "pl_trandurh": 2.0172196,
   "pl_trandurherr1": 0.3195879,
   "pl_trandurherr2": -0.3195879,
   "pl_trandurhlim": 0,
   "pl_trandep": 656.8860989,
   "pl_trandeperr1": 37.77821,
   "pl_trandeperr2": -37.77821,
   "pl_trandeplim": 0,
   "pl_rade": 5.8181633,
   "pl_radeerr1": 1.9105465,
   "pl_radeerr2": -1.9105465,
   "pl_radelim": 0,
   "pl_insol": 22601.94858,
   "pl_eqt": 3127.204052,
   "st_tmag": 9.604,
   "st_tmagerr1": 0.013,
   "st_tmagerr2": -0.013,
   "st_tmaglim": 0,
   "st_dist": 485.735,
   "st_disterr1": 11.9515,
   "st_disterr2": -11.9515,
   "st_distlim": 0,
   "st_teff": 10249,
   "st_tefferr1": 264.7,
   "st_tefferr2": -264.7,
   "st_tefflim": 0,
   "st_logg": 4.19,
   "st_loggerr1": 0.07,
   "st_loggerr2": -0.07,
   "st_logglim": 0,
   "st_rad": 2.16986,
   "st_raderr1": 0.0725729,
   "st_raderr2": -0.0725729,
   "st_radlim": 0
 }
}
